              3          -1.9866667         0.035555556          0.99666667          0.99666667        0.0022222222           2.0000000           50.000000           0.0000000           0.0000000           0.0000000           50.000000
              4          -1.9800000         0.080000000          0.99500000          0.99500000        0.0050000000           4.0000000           25.000000           0.0000000           0.0000000           0.0000000           75.000000
              5          -1.9840000         0.089600000          0.99600000          0.99600000        0.0056000000           6.0000000           50.000000           0.0000000           0.0000000           0.0000000           50.000000
              6          -1.9866667         0.088888889          0.99666667          0.99666667        0.0055555556           6.0000000           50.000000           0.0000000           0.0000000           0.0000000           50.000000
              7          -1.9857143         0.078367347          0.99642857          0.99642857        0.0048979592           7.0000000           42.857143           0.0000000           0.0000000           0.0000000           57.142857
              8          -1.9850000         0.070000000          0.99625000          0.99625000        0.0043750000           7.0000000           42.857143           0.0000000           0.0000000           0.0000000           57.142857
             10          -1.9880000         0.070400000          0.99700000          0.99700000        0.0044000000           8.0000000           50.000000           0.0000000           0.0000000           0.0000000           50.000000
             12          -1.9900000         0.066666667          0.99750000          0.99750000        0.0041666667           8.0000000           50.000000           0.0000000           0.0000000           0.0000000           50.000000
             15          -1.9920000         0.059733333          0.99800000          0.99800000        0.0037333333           10.000000           50.000000           0.0000000           0.0000000           0.0000000           50.000000
             18          -1.9933333         0.053333333          0.99833333          0.99833333        0.0033333333           10.000000           50.000000           0.0000000           0.0000000           0.0000000           50.000000
             22          -1.9927273         0.051570248          0.99818182          0.99818182        0.0032231405           12.000000           50.000000           0.0000000           0.0000000           0.0000000           50.000000
             26          -1.9938462         0.046390533          0.99846154          0.99846154        0.0028994083           12.000000           50.000000           0.0000000           0.0000000           0.0000000           50.000000
             31          -1.9948387         0.040957336          0.99870968          0.99870968        0.0025598335           12.000000           50.000000           0.0000000           0.0000000           0.0000000           50.000000
             38          -1.9936842         0.042991690          0.99842105          0.99842105        0.0026869806           14.000000           50.000000           0.0000000           0.0000000           0.0000000           50.000000
             46          -1.9926087         0.044234405          0.99815217          0.99815217        0.0027646503           20.000000           50.000000           0.0000000           0.0000000           0.0000000           50.000000
             55          -1.9927273         0.042842975          0.99818182          0.99818182        0.0026776860           25.000000           48.000000           0.0000000           0.0000000           0.0000000           52.000000
             66          -1.9939394         0.038640955          0.99848485          0.99848485        0.0024150597           28.000000           50.000000           0.0000000           0.0000000           0.0000000           50.000000
             79          -1.9941772         0.037070982          0.99854430          0.99854430        0.0023169364           34.000000           50.000000           0.0000000           0.0000000           0.0000000           50.000000
             95          -1.9938947         0.037300831          0.99847368          0.99847368        0.0023313019           44.000000           50.000000           0.0000000           0.0000000           0.0000000           50.000000
            114          -1.9947368         0.033831948          0.99868421          0.99868421        0.0021144968           54.000000           50.000000           0.0000000           0.0000000           0.0000000           50.000000
            137          -1.9956204         0.029700037          0.99890511          0.99890511        0.0018562523           58.000000           50.000000           0.0000000           0.0000000           0.0000000           50.000000
            164          -1.9958537         0.030196312          0.99896341          0.99896341        0.0018872695           66.000000           50.000000           0.0000000           0.0000000           0.0000000           50.000000
            197          -1.9963452         0.027144219          0.99908629          0.99908629        0.0016965137           70.000000           50.000000           0.0000000           0.0000000           0.0000000           50.000000
            237          -1.9967089         0.024696897          0.99917722          0.99917722        0.0015435561           86.000000           48.837209           1.1627907           0.0000000           1.1627907           48.837209
            284          -1.9969718         0.022810950          0.99924296          0.99924296        0.0014256844           104.00000           49.038462          0.96153846           0.0000000          0.96153846           49.038462
            341          -1.9967742         0.025163182          0.99917889          0.99917889        0.0016657923           128.00000           47.656250           1.5625000           0.0000000           1.5625000           49.218750
            410          -1.9963902         0.028934206          0.99907317          0.99907317        0.0019978584           162.00000           46.913580           2.4691358           1.2345679           2.4691358           46.913580
            492          -1.9964024         0.028725461          0.99906504          0.99906504        0.0020487144           198.00000           45.959596           3.5353535           1.0101010           3.5353535           45.959596
            590          -1.9963898         0.028481586          0.99906780          0.99906780        0.0019913818           236.00000           46.186441           3.3898305          0.84745763           3.3898305           46.186441
            708          -1.9965113         0.027052491          0.99910311          0.99910311        0.0018674990           268.00000           46.641791           2.9850746          0.74626866           2.9850746           46.641791
            850          -1.9967647         0.025413149          0.99917059          0.99917059        0.0017365952           306.00000           46.732026           2.9411765          0.65359477           2.9411765           46.732026
           1020          -1.9967157         0.026704921          0.99915686          0.99915686        0.0018332949           363.00000           46.005510           3.3057851          0.82644628           3.8567493           46.005510
           1224          -1.9968873         0.024980536          0.99920343          0.99920343        0.0016988057           410.00000           46.341463           3.1707317          0.73170732           3.6585366           46.097561
           1469          -1.9966644         0.026917780          0.99914227          0.99914227        0.0018704601           516.00000           45.348837           4.2635659          0.58139535           4.6511628           45.155039
           1763          -1.9966931         0.027730230          0.99914351          0.99914351        0.0019981153           610.00000           45.081967           4.4262295          0.81967213           4.7540984           44.918033
           2116          -1.9969423         0.025844417          0.99920605          0.99920605        0.0018745109           688.00000           45.203488           4.3604651          0.72674419           4.6511628           45.058140
           2539          -1.9970737         0.024506850          0.99924380          0.99924380        0.0017484190           808.00000           45.544554           4.0841584          0.61881188           4.3316832           45.420792
           3047          -1.9971218         0.024109987          0.99925993          0.99925993        0.0016877108           954.00000           45.807128           3.8784067          0.52410901           4.0880503           45.702306
           3657          -1.9969975         0.024854578          0.99922888          0.99922888        0.0017255051           1166.0000           45.797599           3.9451115          0.42881647           4.1166381           45.711835
           4388          -1.9970647         0.024229136          0.99924795          0.99924795        0.0016652900           1370.0000           45.912409           3.8686131          0.36496350           4.0145985           45.839416
           5266          -1.9970699         0.023888210          0.99924896          0.99924896        0.0016486608           1632.0000           46.078431           3.6151961          0.61274510           3.6151961           46.078431
           6319          -1.9970676         0.023621595          0.99924909          0.99924909        0.0016212649           1936.0000           46.177686           3.5640496          0.51652893           3.5640496           46.177686
           7583          -1.9971054         0.023513797          0.99926019          0.99926019        0.0016009311           2286.0000           46.281715           3.4995626          0.43744532           3.4995626           46.281715
           9100          -1.9971352         0.023306099          0.99926923          0.99926923        0.0015732037           2748.0000           46.470160           3.3478894          0.36390102           3.3478894           46.470160
          10920          -1.9970559         0.023921096          0.99924908          0.99924908        0.0016114466           3316.0000           46.351025           3.4680338          0.36188179           3.4680338           46.351025
          13104          -1.9970597         0.024017379          0.99925023          0.99925023        0.0016150336           3997.0000           46.284714           3.5026270          0.37528146           3.5526645           46.284714
          15725          -1.9971040         0.023486550          0.99926264          0.99926264        0.0015701189           4772.0000           46.437552           3.3948030          0.31433361           3.4367142           46.416597
          18870          -1.9971219         0.023499516          0.99926762          0.99926762        0.0015660523           5670.0000           46.596120           3.2451499          0.28218695           3.3156966           46.560847
          22644          -1.9971339         0.023426780          0.99927045          0.99927045        0.0015632889           6728.0000           46.581451           3.2550535          0.29726516           3.3145065           46.551724
          27173          -1.9971291         0.023507804          0.99926894          0.99926894        0.0015692424           8084.0000           46.474518           3.3770411          0.28451262           3.4017813           46.462147
          32608          -1.9971602         0.023302687          0.99927671          0.99927671        0.0015574857           9546.0000           46.448774           3.4150429          0.27236539           3.4150429           46.448774
          39130          -1.9971429         0.023417035          0.99927255          0.99927255        0.0015662481           11384.000           46.512649           3.3380183          0.28988053           3.3555868           46.503865
          46956          -1.9971861         0.023151018          0.99928284          0.99928284        0.0015527269           13544.000           46.507679           3.3372711          0.30271707           3.3520378           46.500295
          56347          -1.9971738         0.023224815          0.99927946          0.99927946        0.0015588853           16318.000           46.372104           3.4563059          0.33705111           3.4685623           46.365976
          67617          -1.9971800         0.023096453          0.99928088          0.99928088        0.0015514300           19549.000           46.329736           3.5091309          0.31203642           3.5193616           46.329736
          81140          -1.9971836         0.023059423          0.99928161          0.99928161        0.0015497913           23458.000           46.355188           3.4870833          0.31119448           3.4956092           46.350925
          97368          -1.9971965         0.023053290          0.99928498          0.99928498        0.0015486417           28170.000           46.265531           3.5747249          0.31593894           3.5818246           46.261981
         116842          -1.9972021         0.023017219          0.99928647          0.99928647        0.0015443529           33662.000           46.301468           3.5559384          0.27924663           3.5678213           46.295526
         140210          -1.9971891         0.023205071          0.99928318          0.99928318        0.0015564689           40386.000           46.347744           3.5185460          0.25999109           3.5334027           46.340316
         168252          -1.9971874         0.023153453          0.99928316          0.99928316        0.0015503929           48538.000           46.349252           3.4982900          0.29461453           3.5188924           46.338951
         201903          -1.9971957         0.023106533          0.99928540          0.99928540        0.0015463810           58032.000           46.379584           3.4773918          0.28087951           3.4877309           46.374414
         242283          -1.9971835         0.023145008          0.99928237          0.99928237        0.0015480663           69734.000           46.347549           3.5176528          0.26672785           3.5233889           46.344681
         290740          -1.9971748         0.023214877          0.99928003          0.99928003        0.0015537134           84030.000           46.289420           3.5725336          0.27014162           3.5844341           46.283470
