              3          -1.0333333           20.808889        -0.075000000         0.075000000          0.84666667           425.00000           4.7058824           23.764706           68.941176           2.5882353           0.0000000
              4          -1.1250000           25.690000        -0.092500000         0.092500000           1.0025000           499.00000           4.8096192           21.643287           70.741483           2.8056112           0.0000000
              5          -1.1960000           28.617600         -0.10400000          0.10400000           1.0136000           572.00000           4.5454545           19.755245           73.076923           2.6223776           0.0000000
              6          -1.2516667           30.045556         -0.12250000          0.12250000           1.5291667           617.00000           4.5380875           18.800648           73.905997           2.7552674           0.0000000
              7          -1.2900000           29.280000         -0.13928571          0.13928571           1.9869388           660.00000           4.3939394           17.727273           74.696970           3.1818182           0.0000000
              8          -1.3250000           29.050000         -0.15687500          0.15687500           2.6048438           716.00000           4.1899441           16.759777           76.117318           2.9329609           0.0000000
             10          -1.3790000           27.907600         -0.19200000          0.19200000           4.0704000           803.00000           3.8605230           15.691158           77.210461           3.2378580           0.0000000
             12          -1.4141667           25.736389         -0.21583333          0.21583333           4.5297222           874.00000           3.5469108           15.102975           77.688787           3.6613272           0.0000000
             15          -1.4546667           23.247289         -0.24300000          0.24300000           4.8810667           979.00000           3.3707865           14.096016           78.753830           3.6772217          0.10214505
             18          -1.4894444           21.797654         -0.27583333          0.27583333           6.2280556           1066.0000           3.0956848           13.414634           79.643527           3.7523452         0.093808630
             22          -1.5181818           19.336860         -0.31431818          0.31431818           7.7675413           1196.0000           3.0100334           12.541806           80.183946           4.0969900          0.16722408
             26          -1.5446154           17.914556         -0.35096154          0.35096154           9.5607840           1313.0000           2.7418126           11.957350           80.959634           4.1888804          0.15232292
             31          -1.5783871           17.471217         -0.40661290          0.40661290           14.605411           1451.0000           2.5499655           11.784976           81.529979           3.9972433          0.13783598
             38          -1.6294737           18.947258         -0.49026316          0.49026316           24.446288           1553.0000           2.5112685           11.848036           81.326465           4.1210560          0.19317450
             46          -1.6850000           21.580435         -0.57456522          0.57456522           33.728620           1592.0000           2.7010050           12.185930           80.590452           4.1457286          0.37688442
             55          -1.7354545           23.259372         -0.64390909          0.64390909           38.040615           1597.0000           2.8177833           12.147777           80.338134           4.1327489          0.56355667
             66          -1.7795455           23.270826         -0.70325758          0.70325758           38.744998           1600.0000           2.9375000           12.125000           80.187500           4.1250000          0.62500000
             79          -1.8150633           22.007973         -0.75189873          0.75189873           37.174254           1606.0000           3.1133250           12.079701           79.887920           4.1095890          0.80946451
             95          -1.8449474           20.071473         -0.79336842          0.79336842           34.310198           1616.0000           3.4034653           12.004950           79.393564           4.0841584           1.1138614
            114          -1.8706140           18.045112         -0.82776316          0.82776316           30.957911           1626.0000           3.6900369           11.931119           78.905289           4.0590406           1.4145141
            137          -1.8923358           15.951102         -0.85667883          0.85667883           27.418289           1630.0000           3.8036810           11.901840           78.711656           4.0490798           1.5337423
            164          -1.9095732           13.933342         -0.88015244          0.88015244           24.022979           1638.0000           4.0293040           11.843712           78.327228           4.0293040           1.7704518
            197          -1.9245178           12.044831         -0.90017766          0.90017766           20.796079           1642.0000           4.1412911           11.814860           78.136419           4.0194884           1.8879415
            237          -1.9370042           10.320967         -0.91696203          0.91696203           17.841287           1658.0000           4.5235223           11.761158           77.382388           4.0410133           2.2919180
            284          -1.9471479           8.8225208         -0.93063380          0.93063380           15.265825           1676.0000           5.0119332           11.634845           76.551313           3.9976134           2.8042959
            341          -1.9552786           7.4856288         -0.94203812          0.94203812           12.973734           1700.0000           5.5294118           11.529412           75.470588           4.0000000           3.4705882
            410          -1.9618780           6.3196623         -0.95154878          0.95154878           10.969748           1734.0000           6.2860438           11.418685           74.106113           4.0369089           4.1522491
            492          -1.9676423           5.3374513         -0.95946138          0.95946138           9.2670588           1770.0000           7.0056497           11.355932           72.598870           4.1242938           4.9152542
            590          -1.9724068           4.5010050         -0.96604237          0.96604237           7.8150400           1808.0000           7.8539823           11.172566           71.073009           4.0929204           5.8075221
            708          -1.9765254           3.7880523         -0.97158192          0.97158192           6.5741120           1840.0000           8.5869565           10.978261           69.836957           4.0217391           6.5760870
            850          -1.9801176           3.1837121         -0.97624706          0.97624706           5.5194250           1878.0000           9.3716720           10.809372           68.423855           3.9936102           7.4014909
           1020          -1.9828431           2.6734725         -0.98005392          0.98005392           4.6288910           1935.0000           10.335917           10.645995           66.459948           4.1343669           8.4237726
           1224          -1.9853268           2.2428985         -0.98328431          0.98328431           3.8784468           1982.0000           11.251261           10.443996           64.883956           4.0867810           9.3340061
           1469          -1.9870320           1.8806425         -0.98587815          0.98587815           3.2454914           2088.0000           12.787356           10.344828           61.590038           4.3103448           10.967433
           1763          -1.9886670           1.5776671         -0.98809132          0.98809132           2.7144985           2182.0000           14.115490           10.128323           59.028414           4.3538038           12.373969
           2116          -1.9902552           1.3221290         -0.98999764          0.98999764           2.2691163           2260.0000           15.221239           9.9115044           56.991150           4.3362832           13.539823
           2539          -1.9915006           1.1078980         -0.99156952          0.99156952           1.8962065           2380.0000           16.848739           9.5378151           54.117647           4.2436975           15.252101
           3047          -1.9924778          0.92878139         -0.99286511          0.99286511           1.5836544           2526.0000           18.606492           9.1448931           50.989707           4.1567696           17.102138
           3657          -1.9931282          0.77943810         -0.99390074          0.99390074           1.3219558           2738.0000           20.708546           8.7655223           47.041636           4.1636231           19.320672
           4388          -1.9938400          0.65411082         -0.99480743          0.99480743           1.1036018           2942.0000           22.501700           8.3956492           43.779742           4.1128484           21.210061
           5266          -1.9943828          0.54933872         -0.99554880          0.99554880          0.92095814           3204.0000           24.500624           7.8963795           40.355805           3.9013733           23.345818
           6319          -1.9948283          0.46190781         -0.99616553          0.99616553          0.76849760           3508.0000           26.425314           7.4971494           36.858609           3.8483466           25.370582
           7583          -1.9952394          0.38907770         -0.99669062          0.99669062          0.64119880           3858.0000           28.278901           7.1021255           33.514774           3.7843442           27.319855
           9100          -1.9955802          0.32815984         -0.99712802          0.99712802          0.53493037           4320.0000           30.324074           6.6203704           29.930556           3.6574074           29.467593
          10920          -1.9957601          0.27801800         -0.99746474          0.99746474          0.44630170           4888.0000           32.119476           6.3216039           26.493453           3.7029460           31.362520
          13104          -1.9959799          0.23586138         -0.99776328          0.99776328          0.37236849           5569.0000           33.812175           5.9974861           23.307596           3.7349614           33.147782
          15725          -1.9962041          0.20011764         -0.99802353          0.99802353          0.31066254           6344.0000           35.450820           5.6116015           20.460277           3.6254729           34.851828
          18870          -1.9963720          0.17074782         -0.99823503          0.99823503          0.25923249           7242.0000           36.937310           5.2195526           17.937034           3.5073184           36.398785
          22644          -1.9965090          0.14617094         -0.99840995          0.99840995          0.21634650           8300.0000           38.156627           4.9759036           15.698795           3.4819277           37.686747
          27173          -1.9966084          0.12581356         -0.99855187          0.99855187          0.18059421           9656.0000           39.250207           4.8363712           13.525269           3.5314830           38.856669
          32608          -1.9967263          0.10858229         -0.99867916          0.99867916          0.15077541           11118.000           40.178090           4.6771002           11.773700           3.5258140           39.845296
          39130          -1.9967812         0.094488090         -0.99877460          0.99877460          0.12593143           12956.000           41.123804           4.4303797           10.157456           3.4578574           40.830503
          46956          -1.9968847         0.082394584         -0.99886788          0.99886788          0.10520757           15116.000           41.889389           4.2736174           8.7589309           3.4400635           41.637999
          56347          -1.9969226         0.072597198         -0.99893366          0.99893366         0.087946858           17890.000           42.481833           4.2370039           7.4790386           3.5326998           42.269424
          67617          -1.9969707         0.064244288         -0.99899271          0.99899271         0.073547737           21121.000           43.037735           4.1664694           6.3633351           3.5699067           42.862554
          81140          -1.9970092         0.057352394         -0.99904147          0.99904147         0.061551765           25030.000           43.575709           4.0431482           5.4174990           3.5397523           43.423891
          97368          -1.9970512         0.051633953         -0.99908486          0.99908486         0.051554029           29742.000           43.931141           4.0380607           4.6130052           3.6144173           43.803376
         116842          -1.9970810         0.046836073         -0.99911971          0.99911971         0.043217790           35234.000           44.329341           3.9478912           3.9081569           3.5959584           44.218652
         140210          -1.9970882         0.043053935         -0.99914421          0.99914421         0.036285612           41958.000           44.689928           3.8490872           3.3080700           3.5583202           44.594595
         168252          -1.9971033         0.039694628         -0.99916735          0.99916735         0.030492416           50110.000           44.961086           3.7756935           2.8457394           3.5402115           44.877270
         201903          -1.9971256         0.036891660         -0.99918889          0.99918889         0.025665580           59604.000           45.211731           3.7111603           2.4260117           3.5064761           45.144621
         242283          -1.9971251         0.034632348         -0.99920195          0.99920195         0.021647771           71306.000           45.372058           3.7121701           2.0601352           3.5382717           45.317365
         290740          -1.9971262         0.032787497         -0.99921301          0.99921301         0.018303678           85602.000           45.477909           3.7335576           1.7639775           3.5957104           45.428845
