              6          -1.0050000           16.636667         -0.16166667          0.16166667           1.6555556           939.00000           5.0053248           20.660277           58.359957           2.1299255           13.844515
              8          -1.0162500           12.669375         -0.17687500          0.17687500           1.5498437           1228.0000           4.7231270           19.543974           57.899023           2.6058632           15.228013
             10          -1.0320000           10.582400         -0.19250000          0.19250000           1.6625000           1483.0000           4.7875927           19.352664           57.248820           2.6298045           15.981119
             13          -1.0423077           8.3455621         -0.21346154          0.21346154           1.8805917           1851.0000           5.0243112           19.394922           55.591572           3.4035656           16.585629
             17          -1.0488235           6.8653287         -0.21970588          0.21970588           1.6452595           2353.0000           4.7173821           19.634509           54.781130           3.9524012           16.914577
             23          -1.0639130           6.6147448         -0.21695652          0.21695652           1.4536862           3149.0000           4.8269292           19.466497           54.588758           3.9695141           17.148301
             30          -1.1140000           8.6682667         -0.22233333          0.22233333           1.2464889           3875.0000           5.2387097           19.741935           52.645161           4.4129032           17.961290
             39          -1.1407692           8.3987377         -0.21615385          0.21615385           1.1740828           4771.0000           5.5963110           20.016768           50.953678           5.0723119           18.360931
             51          -1.1588235           7.3798385         -0.16794118          0.18911765           2.1414533           6080.0000           5.7894737           19.835526           50.592105           5.4440789           18.338816
             66          -1.1578788           6.2575941        -0.091515152          0.18439394           2.0610652           7894.0000           5.6245250           19.571827           50.962757           5.5738536           18.267038
             86          -1.1462791           5.4893456        -0.044941860          0.16691860           2.4049229           10453.000           5.3381804           19.257629           51.784177           5.2329475           18.387066
            112          -1.1795536           6.4867060         0.092633929          0.25531250           13.169693           13051.000           5.9075933           19.308865           50.448242           5.7696728           18.565627
            146          -1.1782192           5.3790054          0.10390411          0.23623288           12.959392           17060.000           5.8968347           19.138335           50.463072           5.7385698           18.763189
            190          -1.1585789           5.1855080          0.12721053          0.22889474           10.907196           22689.000           5.6415003           18.978360           51.042355           5.4607960           18.876989
            247          -1.1686235           4.6910639          0.20186235          0.28008097           12.790119           29120.000           5.8997253           18.894231           50.604396           5.6490385           18.952610
            321          -1.1831464           4.5785945          0.27249221          0.33267913           14.551833           37160.000           6.1598493           18.950484           49.908504           5.9472551           19.033907
            417          -1.1971703           4.5096028          0.31994005          0.36627098           14.634702           47475.000           6.3696682           19.062665           49.202738           6.1758820           19.189047
            542          -1.2075277           5.0326842          0.35325646          0.38890221           14.784333           60792.000           6.4959205           18.974536           49.062377           6.3330701           19.134097
            705          -1.2157730           5.6938461          0.38223404          0.40969504           17.191410           78001.000           6.6217100           19.024115           48.730144           6.4794041           19.144626
            917          -1.2221592           5.4881242          0.42197928          0.44309160           15.758347           100493.00           6.8412725           19.128696           48.070015           6.6969839           19.263033
           1192          -1.2136829           6.8709839          0.28022651          0.42580537           18.035932           132242.00           6.6340497           19.183769           48.380242           6.5501127           19.251826
           1550          -1.2244194           7.4594135          0.12172581          0.44582903           19.348764           169413.00           6.7952282           19.210450           47.974477           6.7190830           19.300762
           2015          -1.2400000           7.9785608          0.22775434          0.47706452           18.194990           215872.00           7.0333346           19.227598           47.455900           6.9480989           19.335069
           2619          -1.2382283           7.6821351          0.17389843          0.46948454           18.114250           281013.00           7.0057257           19.299819           47.382861           6.9491447           19.362449
           3405          -1.2296123           7.8495728          0.12886490          0.44652423           19.333773           369765.00           6.8565170           19.259530           47.769529           6.8205482           19.293876
           4427          -1.2298554           7.7931699          0.15621075          0.45325841           18.366661           480660.00           6.8649357           19.275371           47.711896           6.8335206           19.314276
           5756          -1.2390792           7.9903071          0.16356237          0.47320796           18.689141           617366.00           7.0467114           19.315285           47.263698           7.0125339           19.361772
           7482          -1.2401510           8.0915760         0.038375434          0.46467322           19.670587           801951.00           7.0287337           19.335097           47.271841           7.0137702           19.350559
           9727          -1.2401151           8.0429432        -0.022697132          0.46888095           19.399977           1043064.0           7.0284278           19.348381           47.244560           7.0175943           19.361036
          12646          -1.2360082           8.0509598        -0.077823422          0.45654950           20.280040           1363691.0           6.9344888           19.335172           47.459505           6.9248825           19.345952
          16440          -1.2312506           8.1835982         -0.11718522          0.44542549           20.716254           1784738.0           6.8524904           19.309949           47.665708           6.8349528           19.336900
          21372          -1.2322745           8.1530290        -0.069515722          0.44983998           20.449125           2315534.0           6.8589794           19.353678           47.570021           6.8483123           19.369009
          27783          -1.2354627           8.1261639        -0.028546773          0.45705629           20.157825           2997317.0           6.9289968           19.365119           47.406430           6.9196218           19.379832
          36118          -1.2350011           8.1466499        -0.022496401          0.45628592           20.375173           3900014.0           6.9271033           19.378059           47.387548           6.9222572           19.385033
          46954          -1.2366022           8.0935019        -0.015720918          0.45634834           20.548895           5058586.0           6.9490367           19.387987           47.322750           6.9430667           19.397160
          61040          -1.2353652           8.0916426       -0.0072481160          0.45260542           20.745336           6588415.0           6.9168533           19.386317           47.397151           6.9182649           19.381414
          79353          -1.2359962           8.1773527        -0.015057969          0.45468571           20.806470           8558500.0           6.9304201           19.390618           47.357212           6.9283286           19.393422
         103159          -1.2385703           8.2290492        -0.031863580          0.45913469           20.812512           11088379.           6.9742475           19.403521           47.247636           6.9763669           19.398228
         134106          -1.2382887           8.1814988        -0.023048857          0.45790740           20.848902           14420536.           6.9678478           19.396984           47.273104           6.9698449           19.392220
         174338          -1.2390191           8.2257355       -0.0049320859          0.45880502           21.067158           18721861.           6.9809032           19.411633           47.219403           6.9846529           19.403408
         226640          -1.2391036           8.1996336         0.011097335          0.45861626           21.038142           24341487.           6.9815743           19.407368           47.225167           6.9841584           19.401732
         294632          -1.2382097           8.1958429         0.010314562          0.45694578           21.144463           31682012.           6.9706558           19.403733           47.254376           6.9734050           19.397831
         383022          -1.2382064           8.1948874         0.013346427          0.45662979           21.206328           41185959.           6.9712617           19.401360           47.258011           6.9742700           19.395098
         497929          -1.2369474           8.1945587         0.016600921          0.45360716           21.335769           53627608.           6.9520703           19.396043           47.305494           6.9535844           19.392808
         647307          -1.2366032           8.1852544        0.0039701100          0.45327903           21.345239           69746793.           6.9469001           19.397633           47.312616           6.9483725           19.394479
         841500          -1.2361021           8.1752981       -0.0048738800          0.45216048           21.335659           90736808.           6.9380212           19.395673           47.332935           6.9381976           19.395173
        1093950          -1.2354593           8.1434344       -0.0041526349          0.45103825           21.317313      1.1807591E+008           6.9283464           19.391486           47.359406           6.9273039           19.393458
        1422135          -1.2355652           8.1225707        0.0010870803          0.45112531           21.259396      1.5348417E+008           6.9306833           19.392269           47.353551           6.9300748           19.393422
        1848776          -1.2358516           8.1018810        0.0013420663          0.45173382           21.220669      1.9945843E+008           6.9345351           19.396458           47.338273           6.9347336           19.396001
        2403409          -1.2364489           8.1012964        0.0069792740          0.45293862           21.214858      2.5910078E+008           6.9455854           19.397587           47.313707           6.9455943           19.397526
        3124432          -1.2362157           8.0968485        0.0041521931          0.45250105           21.203347      3.3694325E+008           6.9417900           19.395134           47.326065           6.9416644           19.395346
        4061761          -1.2367810           8.1087731         0.010058461          0.45425566           21.121023      4.3767691E+008           6.9528726           19.397341           47.299478           6.9527524           19.397556
        5280290          -1.2366520           8.1228143         0.010331137          0.45366237           21.190790      5.6907752E+008           6.9501772           19.396294           47.306731           6.9498311           19.396966
