              3         -0.83666667           8.8622222         -0.12833333          0.12833333           2.3755556           574.00000           5.0522648           21.951220           59.756098           1.0452962           12.195122
              4         -0.90250000           11.847500         -0.14125000          0.14125000           1.9818750           706.00000           5.0991501           21.671388           58.640227           1.4164306           13.172805
              5         -0.97400000           17.657600         -0.15300000          0.15300000           1.8064000           830.00000           5.0602410           21.084337           59.638554           1.5662651           12.650602
              6          -1.0050000           16.636667         -0.16166667          0.16166667           1.6555556           939.00000           5.0053248           20.660277           58.359957           2.1299255           13.844515
              7          -1.0142857           14.466939         -0.16785714          0.16785714           1.5110204           1085.0000           4.8847926           20.092166           57.880184           2.6728111           14.470046
              8          -1.0162500           12.669375         -0.17687500          0.17687500           1.5498437           1228.0000           4.7231270           19.543974           57.899023           2.6058632           15.228013
             10          -1.0320000           10.582400         -0.19250000          0.19250000           1.6625000           1483.0000           4.7875927           19.352664           57.248820           2.6298045           15.981119
             12          -1.0375000           8.9208333         -0.20916667          0.20916667           1.9413889           1739.0000           4.9453709           19.551466           55.779183           3.3352501           16.388729
             15          -1.0453333           7.2579556         -0.21833333          0.21833333           1.6968889           2110.0000           4.7393365           19.810427           54.928910           3.6018957           16.919431
             18          -1.0527778           6.5902469         -0.21972222          0.21972222           1.5538580           2476.0000           4.7657512           19.749596           54.644588           3.8368336           17.003231
             22          -1.0554545           6.2571901         -0.21386364          0.21386364           1.4317562           3030.0000           4.6204620           19.570957           54.719472           3.8283828           17.260726
             26          -1.0876923           7.7609467         -0.21942308          0.21942308           1.3925592           3444.0000           5.1103368           19.425087           53.716609           4.3554007           17.392567
             31          -1.1203226           8.8683455         -0.22306452          0.22306452           1.2126951           3953.0000           5.2618265           19.858335           52.365292           4.5029092           18.011637
             38          -1.1373684           8.4393352         -0.21644737          0.21644737           1.2036357           4656.0000           5.6056701           19.952749           50.902062           5.1331615           18.406357
             46          -1.1478261           7.5755009         -0.19706522          0.19880435           1.9422543           5544.0000           5.6096681           19.949495           50.793651           5.3210678           18.326118
             55          -1.1561818           7.0508959         -0.14918182          0.18190909           2.2969058           6546.0000           5.6981363           19.615032           50.855484           5.5606477           18.270700
             66          -1.1578788           6.2575941        -0.091515152          0.18439394           2.0610652           7894.0000           5.6245250           19.571827           50.962757           5.5738536           18.267038
             79          -1.1545570           5.5886557        -0.061962025          0.16854430           2.2840891           9531.0000           5.5188333           19.357885           51.400692           5.3614521           18.361137
             95          -1.1590526           5.7609042        0.0051578947          0.19694737           5.9105884           11368.000           5.5506685           19.414145           51.108374           5.4451091           18.481703
            114          -1.1814912           6.4598122          0.10074561          0.26057018           13.560659           13251.000           5.9316278           19.281564           50.426383           5.8108822           18.549543
            137          -1.1806569           5.6427471          0.11346715          0.24784672           12.917488           15962.000           5.9829595           19.170530           50.294449           5.8451322           18.706929
            164          -1.1696341           5.1799465          0.10887195          0.22667683           12.038327           19350.000           5.8139535           19.074935           50.656331           5.6640827           18.790698
            197          -1.1623858           5.1967080          0.13713198          0.23520305           11.015821           23475.000           5.6954207           18.973376           51.003195           5.4909478           18.837061
            237          -1.1684810           4.8193302          0.19603376          0.27755274           13.252625           27939.000           5.8520348           18.987795           50.531515           5.6265435           19.002112
            284          -1.1739789           4.5994421          0.23540493          0.30343310           13.273842           33318.000           6.0537847           18.881686           50.330152           5.8376853           18.896692
            341          -1.1806745           4.4508444          0.27607038          0.33272727           13.760309           39666.000           6.1160692           18.965865           49.921847           5.8942167           19.102002
            410          -1.1955854           4.4974727          0.31867073          0.36579268           14.867139           46717.000           6.3360233           19.112957           49.155554           6.1583578           19.237109
            492          -1.2086179           5.0813497          0.34485772          0.38412602           15.177540           55094.000           6.4689440           19.029295           49.067049           6.3092170           19.125495
            590          -1.2005254           5.0503980          0.33849153          0.37130508           15.452302           66779.000           6.3567888           18.931101           49.445185           6.1980563           19.068869
            708          -1.2158757           5.6792978          0.38276836          0.41011299           17.137820           78356.000           6.6236153           19.018327           48.730155           6.4896115           19.138292
            850          -1.2211765           5.4463170          0.41218824          0.43496471           16.189764           93248.000           6.8130148           19.097461           48.159746           6.6553706           19.274408
           1020          -1.2161569           5.9304843          0.39391667          0.43006373           16.767538           112832.00           6.6887053           19.116031           48.380779           6.5672859           19.247199
           1224          -1.2154739           6.8530474          0.25632761          0.43124592           18.138341           135516.00           6.6648957           19.198471           48.282860           6.5741315           19.279642
           1469          -1.2281688           7.4881345          0.11701838          0.45590878           18.972719           159824.00           6.8656772           19.266819           47.733131           6.7887176           19.345655
           1763          -1.2312365           7.8818161          0.17568917          0.46063528           18.845533           191194.00           6.8966599           19.229683           47.730054           6.8192517           19.324351
           2116          -1.2387429           7.9101807          0.23739130          0.47481096           17.978634           226987.00           6.9898276           19.250882           47.489944           6.9140523           19.355293
           2539          -1.2349586           7.6257220          0.19786136          0.46579362           18.082737           273548.00           6.9523447           19.281077           47.521093           6.8865428           19.358942
           3047          -1.2384936           7.8823217          0.14388087          0.46701838           18.463162           326944.00           6.9929407           19.299024           47.422189           6.9556254           19.330222
           3657          -1.2283620           7.6848880         0.099053869          0.44446814           19.093163           397930.00           6.8414043           19.247355           47.818461           6.8112482           19.281532
           4388          -1.2294143           7.7868546          0.15216841          0.45185620           18.390529           476737.00           6.8582887           19.271632           47.740159           6.8280834           19.301837
           5266          -1.2392195           8.0269269          0.22078238          0.47101405           18.971415           564679.00           7.0463042           19.331868           47.235332           7.0158444           19.370651
           6319          -1.2417772           8.0824144          0.10416759          0.47587514           18.910800           675432.00           7.0787289           19.341399           47.152785           7.0510429           19.376044
           7583          -1.2406370           8.0533205         0.045880918          0.46650073           19.562093           812218.00           7.0369039           19.345545           47.238672           7.0228682           19.356010
           9100          -1.2407703           8.0920044        0.0061840659          0.47043022           19.266452           974502.00           7.0312837           19.362710           47.216527           7.0235874           19.365892
          10920          -1.2361502           8.1316760        -0.051859890          0.45896978           20.157378           1177212.0           6.9582199           19.326595           47.423998           6.9412306           19.349956
          13104          -1.2337599           8.1105509        -0.086002366          0.45314904           20.473421           1417419.0           6.9044510           19.318564           47.545221           6.8876599           19.344104
          15725          -1.2296986           8.1258015         -0.10333005          0.44346486           20.606282           1711038.0           6.8274346           19.297117           47.740903           6.8105442           19.324001
          18870          -1.2320578           8.1151542        -0.085746158          0.44817647           20.542328           2045468.0           6.8633193           19.337922           47.589060           6.8489461           19.360753
          22644          -1.2316075           8.0657390        -0.041630012          0.44892245           20.346462           2455302.0           6.8550020           19.357456           47.568690           6.8433130           19.375539
          27173          -1.2360269           8.1374904        -0.038393074          0.45780867           20.213002           2929109.0           6.9372290           19.374527           47.370753           6.9270553           19.390436
          32608          -1.2331406           8.0960509        -0.015553545          0.45322344           20.177356           3529119.0           6.8948086           19.366108           47.473690           6.8868746           19.378519
          39130          -1.2343578           8.0829922        -0.018401738          0.45369205           20.439798           4228746.0           6.9157618           19.374160           47.420086           6.9116707           19.378322
          46956          -1.2366006           8.0931817        -0.015746869          0.45635552           20.548526           5058788.0           6.9490162           19.387925           47.322580           6.9430860           19.397393
          56347          -1.2353066           8.0440299        -0.019840453          0.45242267           20.699635           6081876.0           6.9128341           19.388574           47.400884           6.9147743           19.382934
          67617          -1.2350941           8.1257756       -0.0070007542          0.45226008           20.835601           7300956.0           6.9125468           19.389447           47.396478           6.9113963           19.390132
          81140          -1.2365368           8.1750321        -0.015517562          0.45563748           20.797877           8744787.0           6.9405578           19.392285           47.333720           6.9384880           19.394949
          97368          -1.2374077           8.2066953        -0.027200877          0.45682272           20.834082           10482246.           6.9548454           19.398352           47.294731           6.9546832           19.397389
         116842          -1.2382052           8.1679941        -0.024037718          0.45763796           20.870590           12566904.           6.9655581           19.399424           47.273927           6.9685023           19.392589
         140210          -1.2381259           8.1662513        -0.024949897          0.45687023           20.949126           15079780.           6.9637621           19.399434           47.275942           6.9653669           19.395495
         168252          -1.2386013           8.2011654        -0.011317339          0.45795346           21.004807           18079538.           6.9754659           19.407255           47.237678           6.9778000           19.401801
         201903          -1.2398973           8.2289239       -0.0050843474          0.46106777           20.988502           21658292.           6.9971538           19.416900           47.177206           7.0017987           19.406941
         242283          -1.2380515           8.1799334        0.0057862500          0.45639496           21.181044           26059360.           6.9655011           19.404034           47.263997           6.9679992           19.398469
         290740          -1.2382254           8.2013542         0.014456508          0.45693477           21.166575           31262519.           6.9706955           19.403344           47.254903           6.9732161           19.397842
