              6          -1.2516667           30.045556         -0.12250000          0.12250000           1.5291667           617.00000           4.5380875           18.800648           73.905997           0.0000000           2.7552674
              8          -1.3250000           29.050000         -0.15687500          0.15687500           2.6048438           716.00000           4.1899441           16.759777           76.117318           0.0000000           2.9329609
             10          -1.3790000           27.907600         -0.19200000          0.19200000           4.0704000           803.00000           3.8605230           15.691158           77.210461           0.0000000           3.2378580
             13          -1.4276923           24.634793         -0.22423077          0.22423077           4.5197633           907.00000           3.4178611           14.553473           78.390298           0.0000000           3.6383682
             17          -1.4800000           22.437647         -0.26617647          0.26617647           5.9229758           1028.0000           3.2101167           13.813230           79.280156         0.097276265           3.5992218
             23          -1.5247826           18.879546         -0.32326087          0.32326087           8.1335728           1216.0000           2.9605263           12.417763           80.345395          0.16447368           4.1118421
             30          -1.5706667           17.314489         -0.39433333          0.39433333           13.222489           1426.0000           2.5946704           11.570827           81.697055          0.14025245           3.9971950
             39          -1.6366667           19.247863         -0.50179487          0.50179487           25.840763           1560.0000           2.5000000           11.858974           81.346154          0.19230769           4.1025641
             51          -1.7154902           22.888335         -0.61617647          0.61617647           36.793956           1594.0000           2.7603513           12.170640           80.489335          0.43914680           4.1405270
             66          -1.7795455           23.270826         -0.70325758          0.70325758           38.744998           1600.0000           2.9375000           12.125000           80.187500          0.62500000           4.1250000
             86          -1.8291860           21.120200         -0.77186047          0.77186047           35.947453           1607.0000           3.1113877           12.072184           79.838208          0.87118855           4.1070317
            112          -1.8683036           18.245635         -0.82468750          0.82468750           31.295050           1626.0000           3.6900369           11.931119           78.905289           1.4145141           4.0590406
            146          -1.8989726           15.236016         -0.86551370          0.86551370           26.203388           1630.0000           3.8036810           11.901840           78.711656           1.5337423           4.0490798
            190          -1.9217368           12.401530         -0.89650000          0.89650000           21.409995           1642.0000           4.1412911           11.814860           78.136419           1.8879415           4.0194884
            247          -1.9394737           9.9615086         -0.92030364          0.92030364           17.224862           1661.0000           4.5755569           11.739916           77.242625           2.4081878           4.0337146
            321          -1.9527414           7.9055296         -0.93848910          0.93848910           13.696003           1692.0000           5.3782506           11.583924           75.827423           3.1914894           4.0189125
            417          -1.9625180           6.2231713         -0.95236211          0.95236211           10.801102           1736.0000           6.3364055           11.405530           74.020737           4.2050691           4.0322581
            542          -1.9703321           4.8755278         -0.96312731          0.96312731           8.4651839           1793.0000           7.4735081           11.266035           71.667596           5.4656999           4.1271612
            705          -1.9764255           3.8032297         -0.97146099          0.97146099           6.6007065           1840.0000           8.5869565           10.978261           69.836957           6.5760870           4.0217391
            917          -1.9814177           2.9607664         -0.97794438          0.97794438           5.1308398           1899.0000           9.7946288           10.689837           67.667193           7.8988942           3.9494471
           1192          -1.9849329           2.3007365         -0.98283557          0.98283557           3.9794852           1982.0000           11.251261           10.443996           64.883956           9.3340061           4.0867810
           1550          -1.9875290           1.7853513         -0.98657097          0.98657097           3.0794451           2112.0000           13.162879           10.274621           60.890152           11.363636           4.3087121
           2015          -1.9899156           1.3861411         -0.98953846          0.98953846           2.3809669           2236.0000           14.937388           9.9284436           57.602862           13.237925           4.2933810
           2619          -1.9917144           1.0750977         -0.99181558          0.99181558           1.8390824           2396.0000           17.070117           9.4741235           53.756260           15.484140           4.2153589
           3405          -1.9928223          0.83476975         -0.99350073          0.99350073           1.4187455           2662.0000           19.984974           8.9030804           48.384673           18.557476           4.1697971
           4427          -1.9938672          0.64856507         -0.99484640          0.99484640           1.0939594           2956.0000           22.631935           8.3558863           43.572395           21.346414           4.0933694
           5756          -1.9945883          0.50485922         -0.99585737          0.99585737          0.84311285           3358.0000           25.431805           7.7724836           38.505063           24.329958           3.9606909
           7482          -1.9951858          0.39416155         -0.99664862          0.99664862          0.64979627           3845.0000           28.192458           7.1261378           33.628088           27.256177           3.7971391
           9727          -1.9956338          0.30903948         -0.99725352          0.99725352          0.50067864           4516.0000           30.868025           6.6209035           28.675819           30.048716           3.7865368
          12646          -1.9959537          0.24334173         -0.99771272          0.99771272          0.38575408           5419.0000           33.474811           6.0712309           23.934305           32.810482           3.7091714
          16440          -1.9962494          0.19246077         -0.99807938          0.99807938          0.29724407           6544.0000           35.834352           5.5012225           19.834963           35.253667           3.5757946
          21372          -1.9964762          0.15347417         -0.99836000          0.99836000          0.22910945           7936.0000           37.802419           5.0403226           16.368448           37.310988           3.4778226
          27783          -1.9966318          0.12347694         -0.99857071          0.99857071          0.17666260           9800.0000           39.346939           4.8265306           13.336735           38.969388           3.5204082
          36118          -1.9967554          0.10045141         -0.99873456          0.99873456          0.13628981           12122.000           40.777099           4.4959578           10.806798           40.463620           3.4565253
          46954          -1.9968846         0.082397928         -0.99886783          0.99886783          0.10521203           15114.000           41.888315           4.2741829           8.7600900           41.636893           3.4405187
          61040          -1.9969346         0.068879025         -0.99895822          0.99895822         0.081313915           19232.000           42.678869           4.2637271           6.9675541           42.481281           3.6085691
          79353          -1.9970107         0.058074719         -0.99903753          0.99903753         0.062899027           24478.000           43.532968           4.0362775           5.5355830           43.381812           3.5133589
         103159          -1.9970674         0.049948688         -0.99909814          0.99909814         0.048742118           31364.000           44.047315           4.0205331           4.3871955           43.926157           3.6187986
         134106          -1.9970945         0.043892191         -0.99914057          0.99914057         0.037862351           40115.000           44.594291           3.8838340           3.4426025           44.494578           3.5846940
         174338          -1.9971107         0.039049535         -0.99917253          0.99917253         0.029477747           51814.000           45.039951           3.7345119           2.7598718           44.958891           3.5067742
         226640          -1.9971246         0.035408258         -0.99919723          0.99919723         0.023034317           66820.000           45.308291           3.7189464           2.1879677           45.248429           3.5363664
         294632          -1.9971280         0.032652831         -0.99921412          0.99921412         0.018082501           86714.000           45.474779           3.7433402           1.7471227           45.425191           3.6095671
         383022          -1.9971370         0.030506160         -0.99922870          0.99922870         0.014272301           112198.00           45.640742           3.7139699           1.4269417           45.597069           3.6212767
         497929          -1.9971419         0.028860510         -0.99923944          0.99923944         0.011340169           145660.00           45.777839           3.6935329           1.1629823           45.744885           3.6207607
         647307          -1.9971391         0.027639436         -0.99924578          0.99924578        0.0090903906           189030.00           45.856742           3.6856584          0.99878326           45.833466           3.6253505
         841500          -1.9971411         0.026688104         -0.99925166          0.99925166        0.0073600613           245274.00           45.921704           3.6783352          0.86433947           45.903765           3.6318566
        1093950          -1.9971414         0.025969153         -0.99925616          0.99925616        0.0060265553           318775.00           45.987295           3.6659086          0.74190260           45.972865           3.6320289
        1422135          -1.9971469         0.025346623         -0.99926104          0.99926104        0.0049959561           414278.00           46.044202           3.6441713          0.66501238           46.037202           3.6094120
        1848776          -1.9971393         0.025001774         -0.99926152          0.99926152        0.0042139564           538676.00           46.081689           3.6344667          0.59701936           46.073521           3.6133037
        2403409          -1.9971449         0.024608058         -0.99926510          0.99926510        0.0036016587           698980.00           46.143237           3.6002461          0.53520845           46.136513           3.5847950
        3124432          -1.9971427         0.024368691         -0.99926600          0.99926600        0.0031361538           908149.00           46.153880           3.6103106          0.48890656           46.149145           3.5977576
        4061761          -1.9971459         0.024157172         -0.99926795          0.99926795        0.0027761965           1180176.0           46.171588           3.6062418          0.45645734           46.166589           3.5991242
        5280290          -1.9971495         0.023982224         -0.99926971          0.99926971        0.0024993758           1533740.0           46.180448           3.6042615          0.43899227           46.175688           3.6006103
