2                  40          -1.7448223           3.2361207          0.90803001          0.90821289           4.7785885
2.025                  40          -1.7263069           3.4661686           0.9008387          0.90084487           2.9629938
2.05                  40           -1.706323           3.6796017          0.89188964          0.89189034           2.0201168
2.075                  40          -1.6842806           4.1061365          -0.8783337           0.8783981           5.0455202
2.1                  40          -1.6613453           4.3711217         -0.86753495          0.86754118           2.9751824
2.125                  40          -1.6349039           5.0950816         -0.84888739          0.84889061           5.8011471
2.15                  40          -1.6092038           5.4271736          -0.8345823          0.83458358           4.5497644
2.175                  40          -1.5764076           6.5496546         -0.80526575          0.80526925           10.746112
2.2                  40          -1.5458648           7.3716836          0.78179842          0.78180037           13.985775
2.225                  40          -1.5080687           8.2841026          0.22463544          0.74338484           20.750819
2.25                  40          -1.4656102           9.2324189          0.36286154          0.69016016            33.28825
2.275                  40          -1.4181066           9.9829652           0.0319543          0.61988182           45.173582
2.3                  40          -1.3691104           10.962346         -0.17201824          0.52847684           72.227904
2.325                  40          -1.3207341           10.160632          0.00857705          0.44466803           74.491407
2.35                  40          -1.2730682           8.3641482        -0.017031512          0.34551414            63.83314
2.375                  40          -1.2391842           7.7319292         0.024241063          0.30752696           54.021178
2.4                  40          -1.2060139           6.7576674        -0.002568275           0.2485685            42.89504
2.425                  40          -1.1764136           6.1057377        0.0052772875          0.21081739           35.137631
2.45                  40          -1.1530549           5.9385575       -0.0075212875          0.20163849           30.039722
2.475                  40          -1.1294404           5.8264336         0.015192025          0.17777575           26.048617
2.5                  40          -1.1066248            5.510289        -0.019140312          0.16070414           22.241119
2.525                  40          -1.0861161           5.2075467           0.0086508          0.14754475           18.394044
2.55                  40           -1.066289           5.1711184           0.0049675          0.13751062            16.18187
2.575                  40          -1.0463605           4.9299707           0.0032809          0.12920835           14.488493
2.6                  40          -1.0284525            4.747879       -0.0066490625          0.12184706           12.994389
2                  60          -1.7448067           3.3042009          0.91014336          0.91014336           2.2551594
2.025                  60          -1.7258958           3.7584112          0.90071803          0.90071803           4.3810132
2.05                  60          -1.7060697           3.8881588          0.89139454          0.89139454           2.7607879
2.075                  60          -1.6846678           4.4213378          0.87993741          0.87993741           4.8088452
2.1                  60          -1.6611561           4.7220456          0.86658823          0.86658823           5.0429054
2.125                  60          -1.6362033           5.1843435          0.85161142          0.85161142           6.6085731
2.15                  60          -1.6088797            5.653869          0.83350408          0.83350408           6.3989127
2.175                  60          -1.5797654           6.1442985          0.81330796          0.81330796            7.571647
2.2                  60          -1.5455031           7.3204449          0.78043713          0.78043846           19.229883
2.225                  60          -1.5050639           8.3299771          0.73633212          0.73633212           22.300376
2.25                  60          -1.4634437            10.47618         -0.51519387          0.67625615           62.781174
2.275                  60          -1.4107273           11.877698        -0.012835772          0.57066023           118.13821
2.3                  60          -1.3570448           10.901603         -0.10857129            0.440905           147.93227
2.325                  60          -1.3070016           9.6874788          0.10807765          0.32744894            127.4227
2.35                  60          -1.2662185           7.7296993        0.0016780667            0.238351           91.951482
2.375                  60           -1.235086           7.0779754       -0.0042293111          0.19850081           71.056574
2.4                  60           -1.205358            6.661911        -0.011464328          0.17571303           57.451871
2.425                  60          -1.1775034           6.1914238        0.0022979111          0.14196597           38.945577
2.45                  60          -1.1523738           5.8466882         0.011335667          0.12941011           32.690215
2.475                  60          -1.1280725           5.5622869         0.010828211          0.11161141           26.093541
2.5                  60          -1.1059258           5.3837843       0.00068753889          0.10211133           20.538576
2.525                  60          -1.0862345           5.1778705       -0.0035451056         0.097108139           19.485598
2.55                  60          -1.0651619           5.0833306        0.0017152389         0.090049517           16.476207
2.575                  60          -1.0468741           4.9903948        0.0024454389         0.085467439           15.309831
2.6                  60          -1.0281774            4.768783      -0.00058683333         0.077336833            12.09582
2                  80          -1.7444547           4.1400548          0.90750602          0.90750981           13.597318
2.025                  80          -1.7253095             4.70222          -0.8977493           0.8977501           18.128273
2.05                  80          -1.7047023           5.1926017          0.88122591          0.88167207           49.231874
2.075                  80          -1.6802813           7.0925111          0.84270941          0.85077822           129.76332
2.1                  80          -1.6615308            5.157841         -0.86671878          0.86671878           10.300045
2.125                  80          -1.6334127           7.2336447          -0.8345849          0.83650391           62.923252
2.15                  80          -1.6086958           6.2018846         -0.83162572          0.83162572           16.634507
2.175                  80          -1.5776504           7.6585436          0.80037962          0.80049948           53.957367
2.2                  80          -1.5461739           7.1742542         -0.78233528          0.78233528           17.249184
2.225                  80          -1.5079429           8.0843366         -0.74237878          0.74237878            22.94525
2.25                  80          -1.4632529           11.357987         -0.67281381          0.67431377           80.661304
2.275                  80          -1.3984893           12.915053         -0.31811127          0.47311144           281.50078
2.3                  80          -1.3504465           11.581306        -0.051396416           0.3798242           242.98521
2.325                  80          -1.3032444           8.8887862        0.0076157875          0.25311346           175.19746
2.35                  80          -1.2646208           7.6324001        0.0017438875          0.18667776           109.00191
2.375                  80          -1.2328442           7.0848802         0.013751047          0.14524622           73.106036
2.4                  80          -1.2038148           6.4723079       -0.0078344937          0.12546821           51.988634
2.425                  80          -1.1770641           5.9227904        -0.019883884          0.10778123            38.78964
2.45                  80          -1.1524159           5.8490723        0.0040922719         0.095929616           31.530447
2.475                  80          -1.1290404           5.4745217      -0.00075657812         0.089304072           28.353213
2.5                  80           -1.106531           5.2818971       -0.0058062719         0.078074703           21.422483
2.525                  80          -1.0847315           5.1433654        0.0052813187         0.071938481           17.825454
2.55                  80          -1.0649438           5.0794857       0.00034053437         0.067471959           16.385476
2.575                  80          -1.0463208           4.8354568        0.0045820906         0.063056741           13.909108
2.6                  80          -1.0286675           4.7699845       0.00046632813         0.059214959           12.717694
2                 100          -1.7439954           5.0819817          0.90296344          0.90296773           47.717034
2.025                 100           -1.723425           7.0291396          0.87559286          0.87765372           177.71629
2.05                 100          -1.7047873           5.9138339          0.88176754          0.88178662           53.062434
2.075                 100          -1.6829586           6.4882813         -0.86568065          0.86568065           89.608912
2.1                 100           -1.661022           6.2563157         -0.85977299          0.85977299           58.314559
2.125                 100          -1.6355778           7.1720621         -0.84429432          0.84429432           50.707174
2.15                 100          -1.6091071           6.9916003         -0.83048527          0.83048527           31.403374
2.175                 100          -1.5752008           9.9726854          0.76358161          0.76586055           328.15799
2.2                 100          -1.5431056           10.250949         -0.75259278          0.75259278           193.88237
2.225                 100          -1.5074498           9.4574424         -0.73377822           0.7337995           75.848518
2.25                 100          -1.4661472           10.468752          0.68665783          0.68669452           70.873654
2.275                 100          -1.4044219           13.212475          0.18026492          0.51763721           278.37708
2.3                 100          -1.3461648            11.20294         -0.10735705          0.32570501           288.30917
2.325                 100          -1.3012796           8.7631097          0.08231336          0.20375835           197.60078
2.35                 100          -1.2654017           7.7414707        -0.016189364          0.14505984           114.02918
2.375                 100          -1.2340489           6.8928057        -0.036113366          0.11487935            73.72587
2.4                 100          -1.2043463           6.4787042         0.002421926          0.09897407           52.043953
2.425                 100           -1.176693           6.3266698        -0.002318474         0.082844842           37.823928
2.45                 100          -1.1523028           5.8392151         0.005524412          0.07594926           32.636973
2.475                 100          -1.1283757           5.6411797        -0.001903572         0.068708396           27.529434
2.5                 100          -1.1059336           5.4249499        -0.001373078         0.062733394           21.510551
2.525                 100          -1.0850778           5.2059896         0.004337266         0.058710046           19.466205
2.55                 100          -1.0652763           5.0666389        -0.001681674         0.054786914           16.615914
2.575                 100          -1.0465312           4.9963265        -0.000382142         0.050226122           14.552445
2.6                 100          -1.0283703            4.868364         0.003203752         0.048097972           12.380255
